1.000000000000000000e+00 7.142857142857142461e-02 6.300000000000000044e-01 5.000000000000000000e-01 7.500000000000000000e-01 2.047619047619047561e-01 4.000000000000000222e-01 1.886792452830188815e-01 8.333333333333332871e-02 2.264150943396226467e-01 0.000000000000000000e+00 0.000000000000000000e+00 0.000000000000000000e+00 0.000000000000000000e+00 0.000000000000000000e+00
1.000000000000000000e+00 7.142857142857142461e-02 6.300000000000000044e-01 5.000000000000000000e-01 7.500000000000000000e-01 2.047619047619047561e-01 4.000000000000000222e-01 1.886792452830188815e-01 8.333333333333332871e-02 2.264150943396226467e-01 0.000000000000000000e+00 0.000000000000000000e+00 0.000000000000000000e+00 0.000000000000000000e+00 -1.000000000000000000e+00
1.000000000000000000e+00 7.142857142857142461e-02 6.300000000000000044e-01 5.000000000000000000e-01 7.500000000000000000e-01 2.047619047619047561e-01 4.000000000000000222e-01 1.886792452830188815e-01 8.333333333333332871e-02 2.264150943396226467e-01 0.000000000000000000e+00 0.000000000000000000e+00 0.000000000000000000e+00 0.000000000000000000e+00 1.000000000000000000e+00
1.000000000000000000e+00 7.142857142857142461e-02 6.300000000000000044e-01 5.000000000000000000e-01 7.500000000000000000e-01 2.047619047619047561e-01 4.000000000000000222e-01 1.886792452830188815e-01 8.333333333333332871e-02 2.264150943396226467e-01 0.000000000000000000e+00 0.000000000000000000e+00 0.000000000000000000e+00 -1.000000000000000000e+00 0.000000000000000000e+00
1.000000000000000000e+00 7.142857142857142461e-02 6.300000000000000044e-01 5.000000000000000000e-01 7.500000000000000000e-01 2.047619047619047561e-01 4.000000000000000222e-01 1.886792452830188815e-01 8.333333333333332871e-02 2.264150943396226467e-01 0.000000000000000000e+00 0.000000000000000000e+00 0.000000000000000000e+00 -1.000000000000000000e+00 -1.000000000000000000e+00
1.000000000000000000e+00 7.142857142857142461e-02 6.300000000000000044e-01 5.000000000000000000e-01 7.500000000000000000e-01 2.047619047619047561e-01 4.000000000000000222e-01 1.886792452830188815e-01 8.333333333333332871e-02 2.264150943396226467e-01 0.000000000000000000e+00 0.000000000000000000e+00 0.000000000000000000e+00 -1.000000000000000000e+00 1.000000000000000000e+00
1.000000000000000000e+00 7.142857142857142461e-02 6.300000000000000044e-01 5.000000000000000000e-01 7.500000000000000000e-01 2.047619047619047561e-01 4.000000000000000222e-01 1.886792452830188815e-01 8.333333333333332871e-02 2.264150943396226467e-01 0.000000000000000000e+00 0.000000000000000000e+00 0.000000000000000000e+00 1.000000000000000000e+00 0.000000000000000000e+00
1.000000000000000000e+00 7.142857142857142461e-02 6.300000000000000044e-01 5.000000000000000000e-01 7.500000000000000000e-01 2.047619047619047561e-01 4.000000000000000222e-01 1.886792452830188815e-01 8.333333333333332871e-02 2.264150943396226467e-01 0.000000000000000000e+00 0.000000000000000000e+00 0.000000000000000000e+00 1.000000000000000000e+00 -1.000000000000000000e+00
1.000000000000000000e+00 7.142857142857142461e-02 6.300000000000000044e-01 5.000000000000000000e-01 7.500000000000000000e-01 2.047619047619047561e-01 4.000000000000000222e-01 1.886792452830188815e-01 8.333333333333332871e-02 2.264150943396226467e-01 0.000000000000000000e+00 0.000000000000000000e+00 0.000000000000000000e+00 1.000000000000000000e+00 1.000000000000000000e+00
1.000000000000000000e+00 7.142857142857142461e-02 6.300000000000000044e-01 5.000000000000000000e-01 7.500000000000000000e-01 2.047619047619047561e-01 4.000000000000000222e-01 1.886792452830188815e-01 8.333333333333332871e-02 2.264150943396226467e-01 0.000000000000000000e+00 0.000000000000000000e+00 -1.000000000000000000e+00 0.000000000000000000e+00 0.000000000000000000e+00
1.000000000000000000e+00 7.142857142857142461e-02 6.300000000000000044e-01 5.000000000000000000e-01 7.500000000000000000e-01 2.047619047619047561e-01 4.000000000000000222e-01 1.886792452830188815e-01 8.333333333333332871e-02 2.264150943396226467e-01 0.000000000000000000e+00 0.000000000000000000e+00 -1.000000000000000000e+00 0.000000000000000000e+00 -1.000000000000000000e+00
1.000000000000000000e+00 7.142857142857142461e-02 6.300000000000000044e-01 5.000000000000000000e-01 7.500000000000000000e-01 2.047619047619047561e-01 4.000000000000000222e-01 1.886792452830188815e-01 8.333333333333332871e-02 2.264150943396226467e-01 0.000000000000000000e+00 0.000000000000000000e+00 -1.000000000000000000e+00 0.000000000000000000e+00 1.000000000000000000e+00
1.000000000000000000e+00 7.142857142857142461e-02 6.300000000000000044e-01 5.000000000000000000e-01 7.500000000000000000e-01 2.047619047619047561e-01 4.000000000000000222e-01 1.886792452830188815e-01 8.333333333333332871e-02 2.264150943396226467e-01 0.000000000000000000e+00 0.000000000000000000e+00 -1.000000000000000000e+00 -1.000000000000000000e+00 0.000000000000000000e+00
1.000000000000000000e+00 7.142857142857142461e-02 6.300000000000000044e-01 5.000000000000000000e-01 7.500000000000000000e-01 2.047619047619047561e-01 4.000000000000000222e-01 1.886792452830188815e-01 8.333333333333332871e-02 2.264150943396226467e-01 0.000000000000000000e+00 0.000000000000000000e+00 -1.000000000000000000e+00 -1.000000000000000000e+00 -1.000000000000000000e+00
1.000000000000000000e+00 7.142857142857142461e-02 6.300000000000000044e-01 5.000000000000000000e-01 7.500000000000000000e-01 2.047619047619047561e-01 4.000000000000000222e-01 1.886792452830188815e-01 8.333333333333332871e-02 2.264150943396226467e-01 0.000000000000000000e+00 0.000000000000000000e+00 -1.000000000000000000e+00 -1.000000000000000000e+00 1.000000000000000000e+00
1.000000000000000000e+00 7.142857142857142461e-02 6.300000000000000044e-01 5.000000000000000000e-01 7.500000000000000000e-01 2.047619047619047561e-01 4.000000000000000222e-01 1.886792452830188815e-01 8.333333333333332871e-02 2.264150943396226467e-01 0.000000000000000000e+00 0.000000000000000000e+00 -1.000000000000000000e+00 1.000000000000000000e+00 0.000000000000000000e+00
1.000000000000000000e+00 7.142857142857142461e-02 6.300000000000000044e-01 5.000000000000000000e-01 7.500000000000000000e-01 2.047619047619047561e-01 4.000000000000000222e-01 1.886792452830188815e-01 8.333333333333332871e-02 2.264150943396226467e-01 0.000000000000000000e+00 0.000000000000000000e+00 -1.000000000000000000e+00 1.000000000000000000e+00 -1.000000000000000000e+00
1.000000000000000000e+00 7.142857142857142461e-02 6.300000000000000044e-01 5.000000000000000000e-01 7.500000000000000000e-01 2.047619047619047561e-01 4.000000000000000222e-01 1.886792452830188815e-01 8.333333333333332871e-02 2.264150943396226467e-01 0.000000000000000000e+00 0.000000000000000000e+00 -1.000000000000000000e+00 1.000000000000000000e+00 1.000000000000000000e+00
1.000000000000000000e+00 7.142857142857142461e-02 6.300000000000000044e-01 5.000000000000000000e-01 7.500000000000000000e-01 2.047619047619047561e-01 4.000000000000000222e-01 1.886792452830188815e-01 8.333333333333332871e-02 2.264150943396226467e-01 0.000000000000000000e+00 0.000000000000000000e+00 1.000000000000000000e+00 0.000000000000000000e+00 0.000000000000000000e+00
1.000000000000000000e+00 7.142857142857142461e-02 6.300000000000000044e-01 5.000000000000000000e-01 7.500000000000000000e-01 2.047619047619047561e-01 4.000000000000000222e-01 1.886792452830188815e-01 8.333333333333332871e-02 2.264150943396226467e-01 0.000000000000000000e+00 0.000000000000000000e+00 1.000000000000000000e+00 0.000000000000000000e+00 -1.000000000000000000e+00
1.000000000000000000e+00 7.142857142857142461e-02 6.300000000000000044e-01 5.000000000000000000e-01 7.500000000000000000e-01 2.047619047619047561e-01 4.000000000000000222e-01 1.886792452830188815e-01 8.333333333333332871e-02 2.264150943396226467e-01 0.000000000000000000e+00 0.000000000000000000e+00 1.000000000000000000e+00 0.000000000000000000e+00 1.000000000000000000e+00
1.000000000000000000e+00 7.142857142857142461e-02 6.300000000000000044e-01 5.000000000000000000e-01 7.500000000000000000e-01 2.047619047619047561e-01 4.000000000000000222e-01 1.886792452830188815e-01 8.333333333333332871e-02 2.264150943396226467e-01 0.000000000000000000e+00 0.000000000000000000e+00 1.000000000000000000e+00 -1.000000000000000000e+00 0.000000000000000000e+00
1.000000000000000000e+00 7.142857142857142461e-02 6.300000000000000044e-01 5.000000000000000000e-01 7.500000000000000000e-01 2.047619047619047561e-01 4.000000000000000222e-01 1.886792452830188815e-01 8.333333333333332871e-02 2.264150943396226467e-01 0.000000000000000000e+00 0.000000000000000000e+00 1.000000000000000000e+00 -1.000000000000000000e+00 -1.000000000000000000e+00
1.000000000000000000e+00 7.142857142857142461e-02 6.300000000000000044e-01 5.000000000000000000e-01 7.500000000000000000e-01 2.047619047619047561e-01 4.000000000000000222e-01 1.886792452830188815e-01 8.333333333333332871e-02 2.264150943396226467e-01 0.000000000000000000e+00 0.000000000000000000e+00 0.000000000000000000e+00 0.000000000000000000e+00 0.000000000000000000e+00
